Camera matrix : 

[[598.80208181   0.         501.26777363]
 [  0.         790.8920827  363.96109252]
 [  0.           0.           1.        ]]
dist : 

[[ 5.55113675e-02 -2.04607841e+00 -5.54827952e-03 -2.11186171e-03
   1.11543386e+01]]
rvecs : 

[array([[-0.67776376],
       [ 0.69474653],
       [ 1.44442856]]), array([[-0.1223468 ],
       [ 0.97637959],
       [ 2.21013155]]), array([[0.80735563],
       [0.62237172],
       [1.5439464 ]]), array([[ 0.05275039],
       [ 0.10185806],
       [-2.19811355]]), array([[0.16601881],
       [0.03125789],
       [0.88754918]]), array([[ 0.08414556],
       [-0.00731823],
       [-0.02522788]]), array([[-0.74157814],
       [-0.75217672],
       [ 1.34693259]]), array([[0.03733782],
       [0.02289761],
       [1.58602337]]), array([[ 0.15656835],
       [-0.06081467],
       [ 1.48039878]]), array([[ 0.17902997],
       [-0.018208  ],
       [ 1.60473791]]), array([[ 0.02355885],
       [-0.16712512],
       [ 3.04925546]]), array([[ 0.33815608],
       [-1.04002375],
       [ 2.1603067 ]]), array([[ 0.77373893],
       [-0.65084949],
       [ 1.44256557]]), array([[ 0.08754383],
       [ 0.06829728],
       [-0.73728501]]), array([[ 0.13492918],
       [-0.11960747],
       [ 2.34084289]]), array([[-0.98710784],
       [ 0.31837663],
       [ 0.65176004]]), array([[ 0.85922026],
       [-0.32174836],
       [ 0.73203215]])]
tvecs : 

[array([[ 4.23468801],
       [-1.18843781],
       [26.27406637]]), array([[ 4.46376047],
       [ 1.09755961],
       [22.56399299]]), array([[ 3.7663159 ],
       [-1.66480244],
       [21.28925736]]), array([[-1.52402628],
       [ 3.05722588],
       [27.40136896]]), array([[ 1.46686227],
       [-2.65767797],
       [24.82483477]]), array([[-2.31412896],
       [-4.22276368],
       [26.0694311 ]]), array([[ 0.4507336 ],
       [-2.24064316],
       [27.00308371]]), array([[ 3.99780988],
       [-3.11478543],
       [26.16240185]]), array([[ 4.48433231],
       [-0.36883586],
       [24.74223447]]), array([[-1.74773005],
       [-4.12012948],
       [26.39634933]]), array([[ 3.16043078],
       [ 4.42811162],
       [28.03350588]]), array([[ 1.26946388],
       [-0.49035885],
       [23.63687082]]), array([[ 3.56880368],
       [-1.98445578],
       [23.2647788 ]]), array([[-3.29013131],
       [-0.46328098],
       [27.11016826]]), array([[ 4.73529733],
       [ 1.84072337],
       [26.30917621]]), array([[ 0.3128593 ],
       [-1.91251185],
       [26.15920296]]), array([[ 1.47825630e-02],
       [-1.29425537e+00],
       [ 1.98213952e+01]])]

